4.050000	-23.654144	49.101562	50.722656	0.265721	2.000000
4.025000	-23.812186	49.121094	50.039062	0.265721	2.000000
4.000000	-23.802022	49.296875	49.238281	0.265721	2.000000
3.975000	-23.786339	50.195312	50.175781	0.265721	2.000000
3.950000	-23.897976	48.046875	50.097656	0.265721	2.000000
3.925000	-23.959066	48.808594	49.511719	0.265721	2.000000
3.900000	-24.000758	48.515625	49.882812	0.265721	2.000000
3.875000	-24.008115	48.574219	50.156250	0.265721	2.000000
3.850000	-24.162042	48.535156	49.765625	0.265721	2.000000
3.825000	-24.231185	47.460938	50.917969	0.265721	2.000000
3.800000	-24.256601	48.652344	50.957031	0.265721	2.000000
3.775000	-24.255881	48.261719	48.671875	0.265721	2.000000
3.750000	-24.355025	47.285156	49.863281	0.265721	2.000000
3.725000	-24.452846	47.695312	49.433594	0.265721	2.000000
3.700000	-24.527842	48.320312	48.242188	0.265721	2.000000
3.675000	-24.550650	47.421875	47.812500	0.265721	2.000000
3.650000	-24.657028	47.402344	49.609375	0.265721	2.000000
3.625000	-24.742471	48.164062	48.789062	0.265721	2.000000
3.600000	-24.785413	47.187500	48.613281	0.265721	2.000000
3.575000	-24.839320	46.699219	48.378906	0.265721	2.000000
3.550000	-24.859289	46.621094	46.894531	0.265721	2.000000
3.525000	-24.934077	47.343750	47.890625	0.265721	2.000000
3.500000	-24.994898	45.820312	48.300781	0.265721	2.000000
3.475000	-25.044960	46.132812	46.523438	0.265721	2.000000
3.450000	-25.144674	49.335938	48.515625	0.239148	2.000000
3.425000	-25.148028	50.761719	46.171875	0.239148	2.000000
3.400000	-25.304259	52.265625	46.855469	0.239148	2.000000
3.375000	-25.273671	49.882812	51.523438	0.239148	1.800000
3.350000	-25.435141	50.546875	50.136719	0.239148	1.800000
3.325000	-25.464238	50.312500	51.191406	0.239148	1.800000
3.300000	-25.543903	49.863281	50.332031	0.239148	1.800000
3.275000	-25.506384	51.171875	49.785156	0.239148	1.800000
3.250000	-25.639853	49.589844	49.140625	0.239148	1.800000
3.225000	-25.757698	50.390625	49.042969	0.239148	1.800000
3.200000	-25.793907	50.136719	50.175781	0.239148	1.800000
3.175000	-25.839327	49.824219	51.601562	0.239148	1.800000
3.150000	-25.948334	48.750000	50.078125	0.239148	1.800000
3.125000	-25.931100	48.750000	50.332031	0.239148	1.800000
3.100000	-25.973417	50.019531	50.156250	0.239148	1.800000
3.075000	-26.113585	49.726562	48.417969	0.239148	1.800000
3.050000	-26.126944	48.730469	49.511719	0.239148	1.800000
3.025000	-26.185389	50.351562	48.222656	0.239148	1.800000
3.000000	-26.215292	48.300781	49.628906	0.239148	1.800000
2.975000	-26.300847	48.925781	47.480469	0.239148	1.800000
2.950000	-26.318556	48.085938	49.648438	0.239148	1.800000
2.925000	-26.401194	49.433594	47.304688	0.239148	1.800000
2.900000	-26.506451	48.789062	47.968750	0.239148	1.800000
2.875000	-26.532540	48.398438	48.593750	0.239148	1.800000
2.850000	-26.704221	48.496094	47.441406	0.239148	1.800000
2.825000	-26.729419	48.437500	47.441406	0.239148	1.800000
2.800000	-26.810459	48.066406	47.714844	0.239148	1.800000
2.775000	-26.889867	47.968750	48.242188	0.239148	1.800000
2.750000	-26.919608	48.007812	45.664062	0.239148	1.800000
2.725000	-26.938877	46.621094	46.484375	0.239148	1.800000
2.700000	-27.108559	47.402344	46.308594	0.239148	1.800000
2.675000	-27.095517	47.304688	46.953125	0.239148	1.800000
2.650000	-27.149696	46.757812	50.761719	0.239148	1.620000
2.625000	-27.240632	51.992188	50.449219	0.215234	1.620000
2.600000	-27.282679	52.382812	49.667969	0.215234	1.620000
2.575000	-27.356642	50.976562	50.488281	0.215234	1.620000
2.550000	-27.377509	51.445312	48.574219	0.215234	1.620000
2.525000	-27.412214	51.367188	48.828125	0.215234	1.620000
2.500000	-27.500397	50.273437	49.726562	0.215234	1.620000
2.475000	-27.593176	49.824219	48.886719	0.215234	1.620000
2.450000	-27.680836	49.335938	49.277344	0.215234	1.620000
2.425000	-27.722660	48.808594	49.843750	0.215234	1.620000
2.400000	-27.759608	49.140625	48.808594	0.215234	1.620000
2.375000	-27.797580	49.921875	47.968750	0.215234	1.620000
2.350000	-27.955290	50.683594	48.867188	0.215234	1.620000
2.325000	-27.981252	49.218750	47.636719	0.215234	1.620000
2.300000	-28.114002	48.886719	48.085938	0.215234	1.620000
2.275000	-28.162688	48.378906	48.359375	0.215234	1.620000
2.250000	-28.251726	49.003906	47.773438	0.215234	1.620000
2.225000	-28.268671	47.636719	47.285156	0.215234	1.620000
2.200000	-28.341366	48.574219	47.148438	0.215234	1.620000
2.175000	-28.383131	48.496094	52.460938	0.215234	1.458000
2.150000	-28.482823	47.539062	52.382812	0.215234	1.458000
2.125000	-28.567927	47.363281	50.195312	0.215234	1.458000
2.100000	-28.581290	46.464844	49.140625	0.215234	1.458000
2.075000	-28.676106	47.480469	50.156250	0.215234	1.458000
2.050000	-28.749053	45.605469	49.238281	0.215234	1.458000
2.025000	-28.822728	47.578125	50.195312	0.215234	1.458000
2.000000	-28.898546	47.187500	50.136719	0.215234	1.458000
1.975000	-28.988202	46.894531	48.828125	0.215234	1.458000
1.950000	-29.055161	50.019531	47.753906	0.193710	1.458000
1.925000	-29.051760	50.390625	47.695312	0.193710	1.458000
1.900000	-29.183172	51.250000	47.890625	0.193710	1.458000
1.875000	-29.239554	50.019531	47.890625	0.193710	1.458000
1.850000	-29.293059	50.800781	48.886719	0.193710	1.458000
1.825000	-29.445115	50.312500	47.812500	0.193710	1.458000
1.800000	-29.457410	49.609375	46.542969	0.193710	1.458000
1.775000	-29.553416	48.828125	50.703125	0.193710	1.312200
1.750000	-29.570664	49.277344	49.667969	0.193710	1.312200
1.725000	-29.623898	47.910156	50.625000	0.193710	1.312200
1.700000	-29.717880	48.593750	50.839844	0.193710	1.312200
1.675000	-29.787197	47.988281	49.316406	0.193710	1.312200
1.650000	-29.860965	47.753906	50.449219	0.193710	1.312200
1.625000	-29.971561	47.324219	49.121094	0.193710	1.312200
1.600000	-30.016306	46.777344	49.218750	0.193710	1.312200
1.575000	-30.097623	48.320312	49.863281	0.193710	1.312200
1.550000	-30.181205	46.972656	47.617188	0.193710	1.312200
1.525000	-30.254388	45.332031	47.695312	0.193710	1.312200
1.500000	-30.283520	51.367188	46.933594	0.174339	1.312200
1.475000	-30.371033	52.460938	47.871094	0.174339	1.312200
1.450000	-30.436614	50.761719	46.757812	0.174339	1.312200
1.425000	-30.546581	49.355469	46.054688	0.174339	1.312200
1.400000	-30.574859	50.156250	49.726562	0.174339	1.180980
1.375000	-30.709944	49.375000	49.550781	0.174339	1.180980
1.350000	-30.717121	47.753906	49.492188	0.174339	1.180980
1.325000	-30.819656	48.496094	48.710938	0.174339	1.180980
1.300000	-30.883182	47.363281	48.281250	0.174339	1.180980
1.275000	-30.975082	48.769531	49.550781	0.174339	1.180980
1.250000	-31.122742	46.894531	48.730469	0.174339	1.180980
1.225000	-31.956285	49.042969	48.007812	0.141215	1.180980
1.200000	-32.605309	45.996094	49.316406	0.141215	1.180980
1.175000	-32.953681	50.566406	50.332031	0.127093	1.062882
1.150000	-33.232857	49.511719	50.371094	0.127093	1.062882
1.125000	-33.275491	47.226562	50.292969	0.127093	1.062882
1.100000	-33.535431	47.753906	49.980469	0.127093	1.062882
1.075000	-33.665095	48.085938	48.964844	0.127093	1.062882
1.050000	-33.725731	46.718750	49.667969	0.127093	1.062882
1.025000	-33.842602	50.039062	47.734375	0.114384	1.062882
1.000000	-33.957931	50.097656	48.242188	0.114384	1.062882
0.975000	-34.069047	48.847656	46.894531	0.114384	1.062882
0.950000	-34.172421	48.437500	51.972656	0.114384	0.956594
0.925000	-34.248655	47.812500	51.972656	0.114384	0.956594
0.900000	-34.361900	46.679688	50.410156	0.114384	0.956594
0.875000	-34.450847	47.246094	49.804688	0.114384	0.956594
0.850000	-34.550221	50.390625	47.871094	0.102946	0.956594
0.825000	-34.653572	49.355469	47.226562	0.102946	0.956594
0.800000	-34.727956	48.652344	47.519531	0.102946	0.956594
0.775000	-34.819464	48.398438	47.558594	0.102946	0.956594
0.750000	-34.887993	47.343750	49.960938	0.102946	0.860934
0.725000	-34.990529	46.523438	50.039062	0.102946	0.860934
0.700000	-35.083464	50.703125	48.691406	0.092651	0.860934
0.675000	-35.182700	50.937500	48.984375	0.092651	0.860934
0.650000	-35.238429	48.847656	48.437500	0.092651	0.860934
0.625000	-35.327879	48.847656	47.089844	0.092651	0.860934
0.600000	-35.390192	47.871094	49.628906	0.092651	0.774841
0.575000	-35.511144	46.679688	49.863281	0.092651	0.774841
0.550000	-35.605502	51.386719	49.824219	0.083386	0.774841
0.525000	-35.673136	48.671875	48.652344	0.083386	0.774841
0.500000	-35.744668	47.871094	45.976562	0.083386	0.774841
0.475000	-35.834722	50.546875	51.367188	0.075047	0.697357
0.450000	-35.912653	51.269531	48.671875	0.075047	0.697357
0.425000	-35.971224	50.019531	46.992188	0.075047	0.697357
0.400000	-36.062787	48.164062	50.996094	0.075047	0.627621
0.375000	-36.139806	46.386719	49.843750	0.075047	0.627621
0.350000	-36.220567	50.937500	47.871094	0.067543	0.627621
0.325000	-36.284927	48.632812	50.195312	0.067543	0.564859
0.300000	-36.366840	46.308594	49.335938	0.067543	0.564859
0.275000	-36.441810	49.238281	47.246094	0.060788	0.564859
0.250000	-36.518736	52.089844	49.042969	0.054709	0.508373
0.225000	-36.594507	48.710938	48.144531	0.054709	0.508373
0.200000	-36.668252	46.855469	50.820312	0.054709	0.457536
0.175000	-36.744499	47.578125	45.605469	0.049239	0.457536
0.150000	-36.819788	48.554688	48.164062	0.044315	0.411782
0.125000	-36.896919	49.804688	48.769531	0.039883	0.370604
0.100000	-36.972507	48.046875	48.417969	0.035895	0.333544
0.075000	-37.048251	48.027344	50.976562	0.032305	0.270170
