4.000000	-18.519968	0.013607	51.655000	50.559800	51.107400
3.990000	-18.621917	0.013017	51.387200	50.348000	50.867600
3.980000	-18.422858	0.013704	51.844600	50.370600	51.107600
3.970000	-18.579510	0.013776	51.843800	50.256800	51.050300
3.960000	-18.295032	0.015368	52.481600	50.310400	51.396000
3.950000	-18.858430	0.012939	50.899600	50.247400	50.573500
3.940000	-18.348317	0.016980	52.678400	50.156000	51.417200
3.930000	-18.361606	0.013353	52.522000	50.136600	51.329300
3.920000	-18.932150	0.018348	50.732000	49.975200	50.353600
3.910000	-18.806635	0.017304	50.854600	50.066600	50.460600
3.900000	-18.770651	0.015439	50.815400	50.086600	50.451000
3.890000	-18.651346	0.014495	51.819200	49.800600	50.809900
3.880000	-18.871661	0.012730	50.916600	49.827000	50.371800
3.870000	-18.696912	0.012944	51.291200	49.807400	50.549300
3.860000	-18.602128	0.015656	51.868800	49.683600	50.776200
3.850000	-18.735632	0.021481	51.643800	49.772200	50.708000
3.840000	-18.972447	0.012050	50.638200	49.555400	50.096800
3.830000	-19.116265	0.012521	50.275200	49.660800	49.968000
3.820000	-19.189687	0.018435	49.783200	49.616800	49.700000
3.810000	-19.106454	0.015920	50.171200	49.516200	49.843700
3.800000	-18.984118	0.014884	50.502800	49.339600	49.921200
3.790000	-19.161986	0.014875	49.930600	49.465000	49.697800
3.780000	-18.960500	0.015720	50.976400	49.354800	50.165600
3.770000	-19.176117	0.014733	49.950200	49.172200	49.561200
3.760000	-19.514128	0.014717	48.779200	49.103400	48.941300
3.750000	-19.302794	0.017729	49.277200	49.141200	49.209200
3.740000	-19.357747	0.016721	49.299800	49.023600	49.161700
3.730000	-19.240959	0.017680	50.034600	49.065800	49.550200
3.720000	-19.111372	0.018846	50.684800	48.998400	49.841600
3.710000	-19.542172	0.018032	49.118400	48.917800	49.018100
3.700000	-19.400096	0.013289	49.517200	48.932800	49.225000
3.690000	-19.509077	0.013815	49.439200	48.741600	49.090400
3.680000	-19.466254	0.016759	49.257400	48.790400	49.023900
3.670000	-19.642765	0.011980	48.990200	48.770200	48.880200
3.660000	-19.627116	0.013690	49.004400	48.688600	48.846500
3.650000	-19.580481	0.015512	49.021400	48.589000	48.805200
3.640000	-19.786234	0.017672	48.662200	48.650200	48.656200
3.630000	-19.668629	0.015929	48.932000	48.419800	48.675900
3.620000	-19.806795	0.018748	48.406400	48.395200	48.400800
3.610000	-20.083818	0.013895	47.449200	48.311800	47.880500
3.600000	-19.905640	0.012981	48.386400	48.356800	48.371600
3.590000	-19.885560	0.013074	48.574200	48.336000	48.455100
3.580000	-20.072586	0.016670	47.515800	48.202800	47.859300
3.570000	-20.149779	0.017606	47.528600	48.051000	47.789800
3.560000	-20.121854	0.012811	47.956000	48.065800	48.010900
3.550000	-20.176066	0.015606	47.336000	48.079800	47.707900
3.540000	-20.042148	0.014303	47.954600	48.051600	48.003100
3.530000	-20.236851	0.017180	47.543000	47.938200	47.740600
3.520000	-20.163102	0.012532	47.509600	47.769400	47.639500
3.510000	-20.221463	0.015443	47.509800	47.785000	47.647400
3.500000	-20.167483	0.015606	47.493400	47.855400	47.674400
3.490000	-20.352279	0.011707	47.176200	47.777800	47.477000
3.480000	-20.236221	0.022151	47.675600	47.526800	47.601200
3.470000	-20.345407	0.015284	47.263600	47.505400	47.384500
3.460000	-20.405343	0.014758	47.071400	47.570400	47.320900
3.450000	-20.425563	0.017714	46.909400	47.346000	47.127700
3.440000	-20.478887	0.017149	46.634000	47.241800	46.937900
3.430000	-20.390137	0.015175	47.014400	47.291200	47.152800
3.420000	-20.362033	0.028954	47.058200	47.226200	47.142200
3.410000	-20.593362	0.017855	46.667800	47.133600	46.900700
3.400000	-20.564824	0.017102	46.705800	47.043400	46.874600
3.390000	-20.476462	0.018032	46.986600	46.889600	46.938100
3.380000	-20.709479	0.016523	46.021600	46.960800	46.491200
3.370000	-20.672827	0.013344	46.258400	46.992200	46.625300
3.360000	-20.671509	0.016605	46.423600	46.919400	46.671500
3.350000	-20.801196	0.014212	46.027800	46.850400	46.439100
3.340000	-20.805412	0.016694	45.995800	46.821200	46.408500
3.330000	-20.891432	0.016133	45.870600	46.663000	46.266800
3.320000	-20.807450	0.014140	45.948200	46.622600	46.285400
3.310000	-20.853185	0.016294	45.869800	46.425400	46.147600
3.300000	-21.091980	0.016397	45.170400	46.343400	45.756900
3.290000	-20.972854	0.016742	45.562400	46.318400	45.940400
3.280000	-21.007202	0.012360	45.387800	46.358200	45.873000
3.270000	-21.017035	0.016507	45.234200	46.364000	45.799100
3.260000	-20.993019	0.018542	45.486800	46.203000	45.844900
3.250000	-20.938845	0.014719	45.935400	46.022400	45.978900
3.240000	-21.217045	0.014856	44.877200	46.025800	45.451500
3.230000	-21.166872	0.015679	44.973400	45.992200	45.482800
3.220000	-21.171105	0.018189	44.940600	46.099200	45.519900
3.210000	-21.192511	0.017038	45.126400	45.942800	45.534600
3.200000	-21.257519	0.016591	44.542400	45.731800	45.137100
3.190000	-21.448326	0.019136	43.797800	45.756200	44.777000
3.180000	-21.256772	0.016169	44.940200	45.628600	45.284400
3.170000	-21.410981	0.021783	44.405000	45.718800	45.061900
3.160000	-21.363788	0.017006	44.554400	45.598000	45.076200
3.150000	-21.536451	0.013293	44.084600	45.533600	44.809100
3.140000	-21.484065	0.014248	44.304400	45.433000	44.868700
3.130000	-21.463860	0.017635	44.355400	45.342800	44.849100
3.120000	-21.801325	0.017161	42.830800	45.178000	44.004400
3.110000	-21.686976	0.018233	43.282400	45.202000	44.242200
3.100000	-21.693404	0.014371	43.701200	45.060600	44.380900
3.090000	-21.731250	0.016304	43.425600	45.036200	44.230900
3.080000	-21.738496	0.012419	43.608600	44.911800	44.260200
3.070000	-21.868219	0.012290	43.201400	44.851400	44.026400
3.060000	-21.719820	0.016986	43.832000	44.820400	44.326200
3.050000	-21.854160	0.016584	43.516000	44.660800	44.088400
3.040000	-21.936027	0.014184	43.160000	44.650200	43.905100
3.030000	-21.966230	0.018346	42.856600	44.621400	43.739000
3.020000	-21.961266	0.017326	42.886000	44.494000	43.690000
3.010000	-22.015459	0.013323	42.589000	44.482800	43.535900
3.000000	-21.951563	0.019154	43.030800	44.384400	43.707600
2.990000	-21.985915	0.013640	42.802000	44.317800	43.559900
2.980000	-22.164030	0.015807	41.885200	44.190800	43.038000
2.970000	-22.181663	0.019518	41.678600	44.205000	42.941800
2.960000	-22.121379	0.017941	42.495200	44.178000	43.336600
2.950000	-22.218936	0.014239	42.018400	44.096400	43.057400
2.940000	-22.224081	0.018228	42.162000	43.968800	43.065400
2.930000	-22.171883	0.015446	42.184200	43.861400	43.022800
2.920000	-22.356574	0.014161	41.383800	43.728600	42.556200
2.910000	-22.358534	0.016703	41.386000	43.711200	42.548600
2.900000	-22.358296	0.013678	41.491200	43.643800	42.567500
2.890000	-22.677533	0.016447	39.962600	43.562400	41.762500
2.880000	-22.711508	0.017243	40.003000	43.437200	41.720100
2.870000	-23.278656	0.026035	37.597600	43.523000	40.560300
2.860000	-23.106094	0.017743	38.093600	43.454800	40.774200
2.850000	-23.143053	0.012573	38.244600	43.421200	40.832900
2.840000	-22.960531	0.017661	39.025400	43.343000	41.184200
2.830000	-23.236579	0.014463	37.908000	43.209000	40.558500
2.820000	-23.404405	0.016388	37.131200	43.111600	40.121400
2.810000	-23.375684	0.020632	37.284800	43.020000	40.152400
2.800000	-23.098317	0.019131	38.659400	42.863400	40.761400
2.790000	-22.988448	0.015720	39.322200	42.780800	41.051500
2.780000	-23.045184	0.015531	38.813200	42.776600	40.794900
2.770000	-23.231861	0.018478	38.515200	42.633800	40.574500
2.760000	-23.141877	0.014352	39.029600	42.536000	40.782800
2.750000	-22.985407	0.017662	39.350400	42.545400	40.947900
2.740000	-23.221052	0.015721	38.800000	42.403400	40.601700
2.730000	-23.846555	0.018289	35.762800	42.442800	39.102800
2.720000	-24.004395	0.015755	35.181200	42.388800	38.785000
2.710000	-24.010501	0.018261	35.142000	42.307400	38.724700
2.700000	-24.088291	0.020479	35.075200	42.171800	38.623500
2.690000	-24.129997	0.023007	34.732400	42.056800	38.394600
2.680000	-24.077384	0.017796	34.854600	42.055600	38.455100
2.670000	-24.049704	0.016007	35.237600	41.978200	38.607900
2.660000	-24.347671	0.016013	34.372600	41.743600	38.058100
2.650000	-24.222893	0.016429	34.843200	41.682600	38.262900
2.640000	-24.327903	0.017217	34.342400	41.610200	37.976300
2.630000	-24.176152	0.015478	34.833400	41.514000	38.173700
2.620000	-24.331818	0.020427	34.251600	41.336800	37.794200
2.610000	-24.359713	0.015019	34.054600	41.432200	37.743400
2.600000	-24.614846	0.014456	33.577600	41.271600	37.424600
2.590000	-24.552380	0.020572	33.648000	41.159200	37.403600
2.580000	-24.433447	0.020102	34.192400	41.136600	37.664500
2.570000	-24.493646	0.019965	33.965000	41.153800	37.559400
2.560000	-24.597143	0.017526	33.574800	40.728400	37.151600
2.550000	-24.526052	0.018686	33.722000	40.877200	37.299600
2.540000	-24.573995	0.019631	33.705000	40.839800	37.272400
2.530000	-24.644401	0.017581	33.403000	40.811200	37.107100
2.520000	-24.802014	0.020024	32.917600	40.535200	36.726400
2.510000	-24.832919	0.019555	32.601200	40.522800	36.562000
2.500000	-24.736224	0.016834	33.105200	40.366200	36.735700
2.490000	-24.742628	0.014568	32.910800	40.387800	36.649300
2.480000	-24.824369	0.019507	32.554800	40.300400	36.427600
2.470000	-24.890844	0.017957	32.486000	40.147200	36.316600
2.460000	-24.960019	0.018058	32.325800	40.179800	36.252800
2.450000	-24.824202	0.024343	32.878800	39.821400	36.350100
2.440000	-25.011362	0.016343	32.218600	39.827600	36.023100
2.430000	-24.968445	0.014297	32.746200	39.814600	36.280400
2.420000	-25.198761	0.021461	31.703000	39.707800	35.705400
2.410000	-25.213459	0.019364	31.770600	39.595200	35.682900
2.400000	-25.118668	0.019757	32.157000	39.443400	35.800200
2.390000	-25.213566	0.021482	31.702400	39.476200	35.589300
2.380000	-25.269849	0.018365	31.529600	39.332800	35.431200
2.370000	-25.279226	0.014118	31.658200	39.284600	35.471400
2.360000	-25.416836	0.015781	30.840800	39.081400	34.961100
2.350000	-25.421895	0.015942	30.794600	39.039400	34.917000
2.340000	-25.474028	0.016787	31.012000	38.803400	34.907700
2.330000	-25.444269	0.014760	30.970000	38.806200	34.888100
2.320000	-25.583890	0.018297	30.466800	38.859000	34.662900
2.310000	-25.506810	0.016773	30.831200	38.710600	34.770900
2.300000	-25.586084	0.021506	30.348200	38.613600	34.480900
2.290000	-25.675203	0.022807	30.269000	38.475400	34.372200
2.280000	-25.549494	0.018074	30.637600	38.270400	34.454000
2.270000	-25.616546	0.019632	30.224600	38.251400	34.238000
2.260000	-25.779836	0.016244	29.826200	38.101400	33.963800
2.250000	-25.784292	0.017352	29.915200	38.058800	33.987000
2.240000	-25.822094	0.017022	29.781600	37.924800	33.853200
2.230000	-25.821714	0.018449	29.614000	37.788000	33.701000
2.220000	-25.749179	0.014610	29.980200	37.804000	33.892100
2.210000	-25.858766	0.016759	29.710800	37.623800	33.667300
2.200000	-25.901740	0.019306	29.518400	37.589200	33.553800
2.190000	-25.968168	0.018931	29.198000	37.589800	33.393900
2.180000	-26.146383	0.018099	28.902400	37.374800	33.138600
2.170000	-26.086403	0.019727	28.606600	37.145400	32.876000
2.160000	-26.114024	0.017664	28.743000	37.127200	32.935100
2.150000	-26.189700	0.018280	28.626800	37.015800	32.821300
2.140000	-26.225602	0.017016	28.450600	36.999200	32.724900
2.130000	-26.265490	0.014524	28.417400	36.865000	32.641200
2.120000	-26.195356	0.016974	28.414000	36.761400	32.587700
2.110000	-26.267184	0.026616	28.092200	36.574000	32.333100
2.100000	-26.297117	0.015987	28.173200	36.669000	32.421100
2.090000	-26.360636	0.021111	28.261800	36.347200	32.304500
2.080000	-26.449223	0.018024	27.822600	36.319600	32.071100
2.070000	-26.426018	0.017353	27.951400	36.261600	32.106500
2.060000	-26.483762	0.014612	27.575800	36.145000	31.860400
2.050000	-26.490053	0.014842	27.740600	36.132000	31.936300
2.040000	-26.589472	0.019947	27.304000	35.928200	31.616100
2.030000	-26.640158	0.018299	27.035400	35.728800	31.382100
2.020000	-26.637326	0.016055	27.141800	35.645200	31.393500
2.010000	-26.719327	0.015769	27.261400	35.657200	31.459300
2.000000	-26.790826	0.016333	26.639000	35.444600	31.041800
1.990000	-26.792648	0.020074	26.720400	35.434600	31.077500
1.980000	-26.754388	0.017986	26.867800	35.088600	30.978200
1.970000	-26.866624	0.018357	26.535200	35.106400	30.820800
1.960000	-26.816905	0.017708	26.741000	34.864800	30.802900
1.950000	-27.002551	0.018131	26.139600	34.899000	30.519300
1.940000	-26.981984	0.015768	26.211000	34.727600	30.469300
1.930000	-26.980584	0.016217	26.019400	34.787000	30.403200
1.920000	-27.037587	0.022104	25.826800	34.586000	30.206400
1.910000	-27.061167	0.022142	25.855600	34.292200	30.073900
1.900000	-27.166454	0.022296	25.517600	34.319200	29.918400
1.890000	-27.264780	0.015677	25.143600	34.133200	29.638400
1.880000	-27.203948	0.014682	25.552800	34.154400	29.853600
1.870000	-27.339652	0.015582	24.897400	33.935200	29.416300
1.860000	-27.226717	0.016659	25.297200	33.787400	29.542300
1.850000	-27.340317	0.014318	24.694600	33.574600	29.134600
1.840000	-27.307147	0.013138	24.878200	33.582600	29.230400
1.830000	-27.387356	0.017138	24.460000	33.479200	28.969600
1.820000	-27.421356	0.017378	24.750800	33.231800	28.991300
1.810000	-27.409180	0.012344	24.460800	33.275600	28.868200
1.800000	-27.547401	0.015810	24.043600	33.127000	28.585300
1.790000	-27.548112	0.017888	23.948800	32.939400	28.444100
1.780000	-27.537627	0.020225	24.052600	32.760800	28.406700
1.770000	-27.639846	0.016086	23.630400	32.824000	28.227200
1.760000	-27.695397	0.019681	23.740600	32.631400	28.186000
1.750000	-27.757736	0.017620	23.457200	32.554000	28.005600
1.740000	-27.722936	0.016858	23.357800	32.279600	27.818700
1.730000	-27.784765	0.011702	23.279800	32.291600	27.785700
1.720000	-27.843727	0.017443	22.915400	32.207000	27.561200
1.710000	-27.773167	0.019079	23.218000	31.978000	27.598000
1.700000	-27.877731	0.017711	22.853000	32.008000	27.430500
1.690000	-27.858747	0.017108	22.967200	31.835800	27.401500
1.680000	-27.969472	0.018443	22.633400	31.574000	27.103700
1.670000	-28.050918	0.017029	22.593600	31.386200	26.989900
1.660000	-28.099426	0.016207	22.365600	31.322600	26.844100
1.650000	-28.069728	0.020300	22.369200	31.271600	26.820400
1.640000	-28.213247	0.017063	21.770000	30.921000	26.345500
1.630000	-28.214380	0.014685	21.956800	31.032800	26.494800
1.620000	-28.188926	0.017641	21.814000	30.699400	26.256700
1.610000	-28.343110	0.016564	21.224600	30.639400	25.932000
1.600000	-28.287892	0.017028	21.413000	30.513000	25.963000
1.590000	-28.361974	0.019500	21.220200	30.427400	25.823800
1.580000	-28.407278	0.017926	21.171200	30.369600	25.770400
1.570000	-28.472571	0.020623	21.078600	30.106400	25.592500
1.560000	-28.558308	0.015242	20.829000	29.949200	25.389100
1.550000	-28.539264	0.018096	20.569600	29.732600	25.151100
1.540000	-28.497095	0.025568	20.763000	29.788200	25.275600
1.530000	-28.598806	0.017289	20.770800	29.525000	25.147900
1.520000	-28.567886	0.020340	20.748400	29.511000	25.129700
1.510000	-28.564957	0.015123	20.209000	29.288200	24.748600
1.500000	-28.718596	0.015174	20.137000	29.080200	24.608600
1.490000	-28.699570	0.015123	20.042400	28.854200	24.448300
1.480000	-28.636844	0.017338	19.956600	28.793400	24.375000
1.470000	-28.870621	0.015011	19.679800	28.725200	24.202500
1.460000	-28.914804	0.015787	19.568800	28.549400	24.059100
1.450000	-28.964615	0.015359	19.316200	28.316800	23.816500
1.440000	-28.897892	0.015762	19.481200	28.321800	23.901500
1.430000	-28.997334	0.019242	19.308600	28.107400	23.708000
1.420000	-29.023361	0.017647	18.831600	27.862200	23.346900
1.410000	-29.035497	0.019044	18.947000	27.751400	23.349200
1.400000	-28.983270	0.015184	19.091800	27.604000	23.347900
1.390000	-29.069135	0.014079	18.693200	27.441200	23.067200
1.380000	-29.091842	0.015489	18.623800	27.351400	22.987600
1.370000	-29.169596	0.014488	18.315200	27.090200	22.702700
1.360000	-29.281996	0.014140	18.431000	27.060800	22.745900
1.350000	-29.366682	0.020315	17.891000	26.831800	22.361400
1.340000	-29.266923	0.024833	18.025600	26.645600	22.335600
1.330000	-29.352217	0.025169	17.736200	26.479600	22.107900
1.320000	-29.409963	0.017420	17.466800	26.378600	21.922700
1.310000	-29.364496	0.016197	17.608000	26.333800	21.970900
1.300000	-29.430694	0.013450	17.317000	25.952000	21.634500
1.290000	-29.568316	0.016794	17.160000	25.795200	21.477600
1.280000	-29.578398	0.017652	16.981600	25.639200	21.310400
1.270000	-29.652583	0.015434	17.168400	25.621200	21.394800
1.260000	-29.665592	0.015827	16.619000	25.383000	21.001000
1.250000	-29.684183	0.013819	16.588600	25.365800	20.977200
1.240000	-29.842903	0.013457	16.224400	24.923000	20.573700
1.230000	-29.870262	0.019720	16.054600	24.886400	20.470500
1.220000	-29.848719	0.016556	16.126800	24.626600	20.376700
1.210000	-30.052528	0.014219	15.658200	24.448000	20.053100
1.200000	-29.921767	0.017452	15.528400	24.320800	19.924600
1.190000	-29.880900	0.014217	15.460800	24.069800	19.765300
1.180000	-30.030022	0.023209	15.581400	23.924600	19.753000
1.170000	-29.997061	0.017208	15.430800	23.811600	19.621200
1.160000	-30.058009	0.013364	15.103200	23.598800	19.351000
1.150000	-30.129821	0.018866	14.636000	23.369000	19.002500
1.140000	-30.187150	0.016405	14.792600	23.325000	19.058800
1.130000	-30.197466	0.013673	14.973600	23.195400	19.084500
1.120000	-30.230544	0.016531	14.519200	22.978600	18.748900
1.110000	-30.234439	0.016550	14.464600	22.688400	18.576500
1.100000	-30.272625	0.015985	14.459200	22.690000	18.574600
1.090000	-30.339070	0.018570	13.880600	22.404600	18.142600
1.080000	-30.346196	0.015535	13.661000	22.269600	17.965300
1.070000	-30.370814	0.020678	13.884800	21.879000	17.881900
1.060000	-30.418884	0.015763	13.690000	21.863800	17.776900
1.050000	-30.365338	0.017012	13.600200	21.653000	17.626600
1.040000	-30.495339	0.018895	13.322800	21.418400	17.370600
1.030000	-30.588728	0.018117	13.198800	21.288600	17.243700
1.020000	-30.666306	0.015412	12.941400	21.125600	17.033500
1.010000	-30.662809	0.015128	12.586000	20.807800	16.696900
1.000000	-30.644430	0.013403	12.835400	20.764200	16.799800
0.990000	-30.685292	0.018630	12.789000	20.466800	16.627900
0.980000	-30.763550	0.017133	12.643200	20.287800	16.465500
0.970000	-30.794326	0.014429	12.185800	20.127000	16.156400
0.960000	-30.855745	0.013960	12.051600	19.903400	15.977500
0.950000	-30.939530	0.018348	12.127600	19.762600	15.945100
0.940000	-30.983581	0.013943	11.801600	19.434000	15.617800
0.930000	-30.996662	0.014932	11.743000	19.265400	15.504200
0.920000	-31.019711	0.014616	11.655200	18.985600	15.320400
0.910000	-31.075981	0.012745	11.380000	18.921400	15.150700
0.900000	-31.138844	0.015127	11.251800	18.603400	14.927600
0.890000	-31.151804	0.013683	11.111000	18.423400	14.767200
0.880000	-31.198823	0.016753	10.991200	18.285400	14.638300
0.870000	-31.284766	0.015801	10.802200	18.163600	14.482900
0.860000	-31.409833	0.014165	10.463600	17.889800	14.176700
0.850000	-31.411575	0.012743	10.230200	17.662400	13.946300
0.840000	-31.454120	0.014582	9.920200	17.379400	13.649800
0.830000	-31.484392	0.018153	9.957600	17.287600	13.622600
0.820000	-31.540137	0.015718	9.674800	17.013400	13.344100
0.810000	-31.580526	0.011814	9.483800	16.904800	13.194300
0.800000	-31.639368	0.021562	9.491000	16.616600	13.053800
0.790000	-31.752676	0.012164	9.031800	16.445400	12.738600
0.780000	-31.769880	0.012846	9.017600	16.138400	12.578000
0.770000	-31.825012	0.012983	8.940000	15.874000	12.407000
0.760000	-31.848518	0.013361	8.690400	15.732400	12.211400
0.750000	-31.873772	0.014876	8.685200	15.397800	12.041500
0.740000	-31.904645	0.012249	8.623400	15.219800	11.921600
0.730000	-31.942594	0.021248	8.382600	14.948600	11.665600
0.720000	-31.969185	0.015363	8.273800	14.772000	11.522900
0.710000	-32.010931	0.016998	8.045000	14.628400	11.336700
0.700000	-32.037408	0.014087	7.925600	14.231400	11.078500
0.690000	-32.080598	0.012106	7.732200	14.167800	10.950000
0.680000	-32.082604	0.016680	7.726600	13.708200	10.717400
0.670000	-32.127204	0.011992	7.441200	13.635800	10.538500
0.660000	-32.164521	0.014190	7.154600	13.406800	10.280700
0.650000	-32.181598	0.015125	7.057000	13.187000	10.122000
0.640000	-32.216070	0.011981	6.849800	12.992400	9.921100
0.630000	-32.280908	0.014113	6.606400	12.654800	9.630600
0.620000	-32.271829	0.013801	6.679400	12.605800	9.642600
0.610000	-32.327112	0.013556	6.490600	12.174200	9.332400
0.600000	-32.335806	0.011500	6.263600	12.051400	9.157500
0.590000	-32.385870	0.018155	6.245800	11.585000	8.915400
0.580000	-32.418992	0.013185	6.005200	11.427400	8.716300
0.570000	-32.438718	0.013747	5.957200	11.239400	8.598300
0.560000	-32.452922	0.012359	5.847600	11.142400	8.495000
0.550000	-32.503934	0.013168	5.587400	10.840600	8.214000
0.540000	-32.570046	0.011771	5.587000	10.609600	8.098300
0.530000	-32.602318	0.016217	5.397000	10.339400	7.868200
0.520000	-32.644944	0.017130	5.274800	10.135200	7.705000
0.510000	-32.701397	0.015795	5.093600	9.808400	7.451000
0.500000	-32.766976	0.011543	4.790800	9.499200	7.145000
0.490000	-32.783523	0.014869	4.742200	9.311400	7.026800
0.480000	-32.813794	0.013685	4.598800	9.067800	6.833300
0.470000	-32.845269	0.013442	4.493600	8.823400	6.658500
0.460000	-32.885203	0.012393	4.325800	8.574200	6.450000
0.450000	-32.905459	0.012451	4.178600	8.352600	6.265600
0.440000	-32.912455	0.013262	4.140600	8.113000	6.126800
0.430000	-32.967370	0.012920	3.904000	7.901600	5.902800
0.420000	-33.012838	0.011463	3.766400	7.576000	5.671200
0.410000	-33.040219	0.013754	3.617400	7.424200	5.520800
0.400000	-33.050875	0.013143	3.515800	7.197600	5.356700
0.390000	-33.100325	0.013827	3.355400	6.939000	5.147200
0.380000	-33.129883	0.011478	3.242600	6.798400	5.020500
0.370000	-33.168933	0.014898	3.049600	6.475200	4.762400
0.360000	-33.201247	0.012456	3.021200	6.179000	4.600100
0.350000	-33.218139	0.011917	2.959600	5.961800	4.460700
0.340000	-33.273163	0.010796	2.737400	5.744800	4.241100
0.330000	-33.258105	0.016706	2.678800	5.489200	4.084000
0.320000	-33.315511	0.009215	2.570600	5.128000	3.849300
0.310000	-33.352137	0.011461	2.408000	5.057000	3.732500
0.300000	-33.375980	0.018767	2.302000	4.781600	3.541800
0.290000	-33.416358	0.013002	2.194400	4.551800	3.373100
0.280000	-33.430910	0.011116	2.040400	4.389000	3.214700
0.270000	-33.452730	0.007297	1.958000	4.142200	3.050100
0.260000	-33.487788	0.011171	1.906600	3.784400	2.845500
0.250000	-33.532345	0.008470	1.731400	3.678600	2.705000
0.240000	-33.547394	0.009959	1.710200	3.437200	2.573700
0.230000	-33.582429	0.013574	1.563600	3.240000	2.401800
0.220000	-33.614340	0.010709	1.528800	2.949600	2.239200
0.210000	-33.637614	0.017334	1.371800	2.829400	2.100600
0.200000	-33.679089	0.008410	1.270600	2.626800	1.948700
0.190000	-33.709949	0.013284	1.194800	2.517800	1.856300
0.180000	-33.738350	0.010153	1.093200	2.269600	1.681400
0.170000	-33.770013	0.009404	0.997600	2.088400	1.543000
0.160000	-33.797806	0.009717	0.907600	1.887400	1.397500
0.150000	-33.825754	0.008546	0.796800	1.709200	1.253000
0.140000	-33.852870	0.014329	0.715200	1.552000	1.133600
0.130000	-33.876922	0.006579	0.666600	1.376800	1.021700
0.120000	-33.920985	0.018747	0.590200	1.200000	0.895100
0.110000	-33.954394	0.008260	0.500800	1.064000	0.782400
0.100000	-33.982991	0.020487	0.439200	0.956400	0.697800
0.090000	-34.013270	0.010421	0.373800	0.782400	0.578100
0.080000	-34.044646	0.011339	0.311200	0.652200	0.481700
0.070000	-34.060973	0.012810	0.273000	0.571400	0.422200
0.060000	-34.095105	0.014317	0.221600	0.416600	0.319100
