4.000000	-32.068520	56.276563	49.187578
3.975000	-32.164595	56.345820	49.185078
3.950000	-32.195547	56.332148	49.162930
3.925000	-32.278914	56.327539	49.048203
3.900000	-32.325895	56.404609	49.121133
3.875000	-32.412417	56.464531	49.163164
3.850000	-32.459630	56.456055	49.192617
3.825000	-32.527523	56.486172	49.127773
3.800000	-32.627379	56.533750	49.113086
3.775000	-32.669459	56.562188	49.133477
3.750000	-32.714513	56.541836	49.157656
3.725000	-32.786684	56.611914	49.125508
3.700000	-32.872724	56.656406	49.103008
3.675000	-32.919036	56.625312	49.092188
3.650000	-33.008524	56.730625	49.093281
3.625000	-33.050068	56.800469	49.115117
3.600000	-33.148488	56.853945	49.088789
3.575000	-33.193391	56.851289	49.144570
3.550000	-33.281374	56.901250	49.099414
3.525000	-33.331961	56.933437	49.118008
3.500000	-33.391013	56.928672	49.163203
3.475000	-33.458678	56.969805	49.176250
3.450000	-33.547458	57.059805	49.135781
3.425000	-33.570639	57.061719	49.107969
3.400000	-33.672029	57.093203	49.123359
3.375000	-33.733624	57.132422	49.126562
3.350000	-33.814632	57.242188	49.209570
3.325000	-33.887536	57.214961	49.080469
3.300000	-33.940009	57.251016	49.114102
3.275000	-33.988607	57.324531	49.075000
3.250000	-34.072236	57.376250	49.175078
3.225000	-34.150499	57.456133	49.110508
3.200000	-34.183362	57.416406	49.137813
3.175000	-34.247784	57.431914	49.093398
3.150000	-34.335933	57.467031	49.112148
3.125000	-34.416816	57.530625	49.117734
3.100000	-34.480198	57.570937	49.086133
3.075000	-34.527385	57.643086	49.181875
3.050000	-34.602976	57.679023	49.102852
3.025000	-34.660568	57.721016	49.120313
3.000000	-34.732712	57.738008	49.124414
2.975000	-34.809360	57.838125	49.088984
2.950000	-34.900369	57.843945	49.095625
2.925000	-34.944074	57.853359	49.143633
2.900000	-35.016043	57.907109	49.131211
2.875000	-35.100454	58.012695	49.082773
2.850000	-35.209173	58.042852	49.072344
2.825000	-35.227374	58.096211	49.139609
2.800000	-35.294814	58.132500	49.052070
2.775000	-35.365023	58.194453	49.082070
2.750000	-35.448536	58.258125	49.129023
2.725000	-35.487391	58.269961	49.045898
2.700000	-35.589376	58.290234	49.059570
2.675000	-35.620688	58.304570	49.135000
2.650000	-35.713683	58.376602	49.047773
2.625000	-35.794959	58.462773	49.088203
2.600000	-35.840726	58.516992	49.086289
2.575000	-35.932492	58.584922	49.113984
2.550000	-35.988931	58.520430	49.116172
2.525000	-36.083417	58.658984	49.068398
2.500000	-36.152022	58.755117	49.092031
2.475000	-36.218383	58.779844	49.065977
2.450000	-36.274198	58.789062	49.056641
2.425000	-36.370347	58.870430	49.026992
2.400000	-36.441556	58.925938	49.000898
2.375000	-36.506482	58.926367	49.097148
2.350000	-36.593119	59.063398	49.041016
2.325000	-36.650206	59.084375	49.029492
2.300000	-36.729423	59.171289	49.035000
2.275000	-36.778268	59.172383	49.060547
2.250000	-36.878686	59.247695	49.042773
2.225000	-36.952648	59.317617	49.032695
2.200000	-37.017562	59.319141	49.093398
2.175000	-37.094772	59.469531	49.014375
2.150000	-37.153237	59.476484	49.048867
2.125000	-37.219254	59.533164	49.035820
2.100000	-37.334549	59.552305	49.025898
2.075000	-37.384620	59.598945	49.093008
2.050000	-37.462207	59.699414	49.026914
2.025000	-37.519311	59.685937	49.033008
2.000000	-37.606752	59.845703	49.017891
1.975000	-37.709727	59.943477	49.039805
1.950000	-37.745606	59.927383	49.034375
1.925000	-37.816909	59.957383	49.001328
1.900000	-37.921112	60.099609	49.045430
1.875000	-37.965077	60.092227	49.047383
1.850000	-38.075484	60.206367	49.061797
1.825000	-38.131792	60.249375	49.002227
1.800000	-38.178000	60.286875	49.015234
1.775000	-38.312908	60.395898	48.994687
1.750000	-38.364920	60.425547	49.014688
1.725000	-38.455576	60.578320	49.004102
1.700000	-38.517004	60.600000	49.085352
1.675000	-38.623271	60.690000	48.962031
1.650000	-38.665435	60.797344	49.040391
1.625000	-38.738120	60.835508	49.036445
1.600000	-38.827618	60.915742	49.019492
1.575000	-38.931918	60.986328	48.973867
1.550000	-39.004052	61.069531	48.990039
1.525000	-39.076078	61.116055	48.994766
1.500000	-39.100136	61.176641	48.963281
1.475000	-39.215207	61.283945	49.058320
1.450000	-39.309289	61.373047	49.015078
1.425000	-39.409603	61.456289	48.971719
1.400000	-39.468367	61.538555	49.028477
1.375000	-39.591855	61.721836	48.974531
1.350000	-39.627554	61.652187	48.941484
1.325000	-39.722135	61.776758	48.973789
1.300000	-39.819323	61.897500	48.919219
1.275000	-39.876979	61.962617	48.946953
1.250000	-39.973728	62.081289	48.961914
1.225000	-40.047753	62.191953	48.948047
1.200000	-40.145324	62.293945	48.938477
1.175000	-40.211385	62.371562	48.976602
1.150000	-40.299864	62.394688	48.923555
1.125000	-40.345703	62.483398	48.912656
1.100000	-40.474197	62.660781	48.935195
1.075000	-40.578628	62.800937	48.912695
1.050000	-40.616309	62.855313	48.928984
1.025000	-40.727118	62.991602	48.965586
1.000000	-40.755190	62.903398	48.928438
0.975000	-40.915493	63.164414	48.890273
0.950000	-40.963557	63.280352	48.871914
0.925000	-41.056553	63.413125	48.936602
0.900000	-41.156105	63.511289	48.924062
0.875000	-41.238768	63.664805	48.859570
0.850000	-41.348748	63.844258	48.831523
0.825000	-41.419773	63.891758	48.865625
0.800000	-41.510458	64.052891	48.797656
0.775000	-41.592238	64.160898	48.785742
0.750000	-41.706760	64.343828	48.844062
0.725000	-41.791601	64.543945	48.777305
0.700000	-41.908986	64.664180	48.789023
0.675000	-42.007329	64.777109	48.824219
0.650000	-42.374866	65.448906	48.794727
0.625000	-42.575634	65.731094	48.770898
0.600000	-42.666071	65.913789	48.784492
0.575000	-42.756915	66.084727	48.799102
0.550000	-42.829368	66.236992	48.799844
0.525000	-42.891131	66.326602	48.743359
0.500000	-42.972436	66.571055	48.731836
0.475000	-43.043538	66.753867	48.627305
0.450000	-43.118102	66.917266	48.672031
0.425000	-43.194763	67.192383	48.598984
0.400000	-43.274111	67.394297	48.594766
0.375000	-43.350707	67.593398	48.654180
0.350000	-43.422399	67.761328	48.650547
0.325000	-43.499881	68.079258	48.589570
0.300000	-43.578150	68.376055	48.468359
0.275000	-43.653690	68.669805	48.431094
0.250000	-43.728383	69.079062	48.377930
0.225000	-43.801556	69.483750	48.390586
0.200000	-43.876252	69.945195	48.342422
0.175000	-43.952411	70.467734	48.232539
0.150000	-44.028762	71.259258	48.169531
0.125000	-44.101062	72.046719	48.067656
0.100000	-44.177944	73.244375	47.913945
0.075000	-44.252821	74.961797	47.671445
0.050000	-44.327088	77.827344	47.321602
0.025000	-44.402279	84.343906	46.446641
