4.000000	-15771.100593	50.292969	49.335938	0.239148	2.000000
3.975000	-15818.165735	49.375000	51.289063	0.239148	2.000000
3.950000	-15808.142350	50.429688	49.648438	0.239148	2.000000
3.925000	-15899.686423	48.261719	49.082031	0.239148	2.000000
3.900000	-15879.255638	49.023438	50.898438	0.239148	2.000000
3.875000	-15937.308554	50.000000	49.511719	0.239148	2.000000
3.850000	-15954.938431	49.414062	49.824219	0.239148	2.000000
3.825000	-15982.940939	48.027344	49.335938	0.239148	2.000000
3.800000	-16010.384356	48.652344	49.746094	0.239148	2.000000
3.775000	-16058.863108	49.609375	50.156250	0.239148	2.000000
3.750000	-16059.723350	49.707031	47.031250	0.239148	2.000000
3.725000	-16165.055835	47.753906	48.925781	0.239148	2.000000
3.700000	-16146.621606	47.851562	48.925781	0.239148	2.000000
3.675000	-16166.806193	49.375000	48.476562	0.239148	2.000000
3.650000	-16232.895665	49.570312	48.652344	0.239148	2.000000
3.625000	-16286.344253	47.578125	48.261719	0.239148	2.000000
3.600000	-16258.812115	49.101562	48.750000	0.239148	2.000000
3.575000	-16318.261631	48.632812	47.304688	0.239148	2.000000
3.550000	-16382.824954	47.460938	48.027344	0.239148	2.000000
3.525000	-16376.252754	47.070312	46.894531	0.239148	2.000000
3.500000	-16414.771659	47.441406	48.066406	0.239148	2.000000
3.475000	-16427.720970	46.894531	47.636719	0.239148	2.000000
3.450000	-16483.795095	47.910156	47.500000	0.239148	2.000000
3.425000	-16515.912956	47.421875	46.660156	0.239148	2.000000
3.400000	-16585.646506	46.542969	46.894531	0.239148	2.000000
3.375000	-16555.366136	47.304688	47.382812	0.239148	2.000000
3.350000	-16598.947027	46.347656	46.210938	0.239148	2.000000
3.325000	-16634.959090	46.582031	50.781250	0.239148	1.800000
3.300000	-16675.914699	50.976562	50.742188	0.215234	1.800000
3.275000	-16730.243405	51.464844	50.703125	0.215234	1.800000
3.250000	-16756.530108	50.136719	50.839844	0.215234	1.800000
3.225000	-16786.595124	51.113281	48.789062	0.215234	1.800000
3.200000	-16853.808802	51.230469	49.355469	0.215234	1.800000
3.175000	-16885.948339	50.195312	50.449219	0.215234	1.800000
3.150000	-16861.915148	49.589844	49.511719	0.215234	1.800000
3.125000	-16940.581508	49.765625	48.847656	0.215234	1.800000
3.100000	-16936.271351	50.332031	49.804688	0.215234	1.800000
3.075000	-17006.608296	50.351562	49.570312	0.215234	1.800000
3.050000	-17019.524205	50.214844	49.375000	0.215234	1.800000
3.025000	-17040.738911	49.785156	47.910156	0.215234	1.800000
3.000000	-17099.765560	49.765625	49.179688	0.215234	1.800000
2.975000	-17086.275747	48.554688	49.863281	0.215234	1.800000
2.950000	-17144.823898	48.847656	47.539062	0.215234	1.800000
2.925000	-17218.305171	48.964844	49.453125	0.215234	1.800000
2.900000	-17223.779184	49.199219	48.359375	0.215234	1.800000
2.875000	-17265.574175	48.750000	48.183594	0.215234	1.800000
2.850000	-17302.739771	48.945312	47.832031	0.215234	1.800000
2.825000	-17325.450956	49.257812	48.105469	0.215234	1.800000
2.800000	-17335.927321	48.828125	48.476562	0.215234	1.800000
2.775000	-17385.596349	49.218750	47.363281	0.215234	1.800000
2.750000	-17418.858223	48.593750	48.261719	0.215234	1.800000
2.725000	-17473.959765	49.238281	50.781250	0.215234	1.620000
2.700000	-17473.612429	46.542969	51.640625	0.215234	1.620000
2.675000	-17538.207532	47.949219	50.527344	0.215234	1.620000
2.650000	-17592.935306	47.656250	50.839844	0.215234	1.620000
2.625000	-17617.955160	46.757812	50.039062	0.215234	1.620000
2.600000	-17651.544711	47.519531	50.000000	0.215234	1.620000
2.575000	-17670.741838	47.304688	49.589844	0.215234	1.620000
2.550000	-17739.054507	46.464844	49.843750	0.215234	1.620000
2.525000	-17734.454731	46.484375	49.277344	0.215234	1.620000
2.500000	-17792.900575	45.527344	50.000000	0.215234	1.620000
2.475000	-17808.460783	50.429688	49.726562	0.193710	1.620000
2.450000	-17844.624728	50.917969	49.667969	0.193710	1.620000
2.425000	-17903.038807	49.277344	50.078125	0.193710	1.620000
2.400000	-17902.886612	50.214844	48.222656	0.193710	1.620000
2.375000	-17968.919093	50.371094	48.652344	0.193710	1.620000
2.350000	-17960.486052	49.550781	46.992188	0.193710	1.620000
2.325000	-18019.685249	49.003906	47.207031	0.193710	1.620000
2.300000	-18047.647310	49.570312	48.281250	0.193710	1.620000
2.275000	-18086.275200	48.847656	47.871094	0.193710	1.620000
2.250000	-18152.209224	49.160156	47.050781	0.193710	1.620000
2.225000	-18136.311681	47.500000	47.695312	0.193710	1.620000
2.200000	-18167.993582	49.628906	46.191406	0.193710	1.620000
2.175000	-18250.587596	49.511719	47.617188	0.193710	1.620000
2.150000	-18288.571175	48.554688	50.390625	0.193710	1.458000
2.125000	-18285.939356	47.988281	51.718750	0.193710	1.458000
2.100000	-18314.112828	48.925781	50.527344	0.193710	1.458000
2.075000	-18346.295355	48.007812	49.531250	0.193710	1.458000
2.050000	-18412.506421	48.281250	50.136719	0.193710	1.458000
2.025000	-18442.464933	47.011719	49.492188	0.193710	1.458000
2.000000	-18473.990122	48.671875	49.082031	0.193710	1.458000
1.975000	-18561.251231	47.812500	49.062500	0.193710	1.458000
1.950000	-18597.744224	47.011719	49.003906	0.193710	1.458000
1.925000	-18618.047036	46.992188	49.003906	0.193710	1.458000
1.900000	-18622.248091	46.347656	48.027344	0.193710	1.458000
1.875000	-18651.466857	50.976562	47.558594	0.174339	1.458000
1.850000	-18701.893843	51.660156	48.203125	0.174339	1.458000
1.825000	-18735.787476	50.800781	48.476562	0.174339	1.458000
1.800000	-18768.826835	50.371094	48.027344	0.174339	1.458000
1.775000	-18843.905282	49.257812	46.406250	0.174339	1.458000
1.750000	-18864.747820	50.312500	50.371094	0.174339	1.312200
1.725000	-18918.414526	49.863281	50.566406	0.174339	1.312200
1.700000	-18961.111142	50.273437	49.726562	0.174339	1.312200
1.675000	-18989.477275	46.855469	50.273437	0.174339	1.312200
1.650000	-19056.006228	48.867188	50.214844	0.174339	1.312200
1.625000	-19056.936426	48.300781	48.789062	0.174339	1.312200
1.600000	-19107.010052	48.613281	48.007812	0.174339	1.312200
1.575000	-19163.364794	48.164062	49.179688	0.174339	1.312200
1.550000	-19194.895595	47.480469	48.886719	0.174339	1.312200
1.525000	-19211.704774	47.050781	47.597656	0.174339	1.312200
1.500000	-19289.797954	47.480469	47.988281	0.174339	1.312200
1.475000	-19286.300533	46.738281	48.007812	0.174339	1.312200
1.450000	-19313.410427	51.289063	51.171875	0.156905	1.180980
1.425000	-19365.887406	51.230469	50.839844	0.156905	1.180980
1.400000	-19402.394025	51.503906	51.738281	0.156905	1.180980
1.375000	-19424.600311	49.941406	50.644531	0.156905	1.180980
1.350000	-19485.718854	50.527344	49.570312	0.156905	1.180980
1.325000	-19549.750531	49.257812	49.570312	0.156905	1.180980
1.300000	-19577.771910	48.339844	49.296875	0.156905	1.180980
1.275000	-19576.162619	48.105469	48.886719	0.156905	1.180980
1.250000	-19627.561076	47.421875	47.324219	0.156905	1.180980
1.225000	-19676.031823	48.964844	47.148438	0.156905	1.180980
1.200000	-19736.618939	47.695312	49.003906	0.156905	1.180980
1.175000	-19773.701339	46.855469	46.621094	0.156905	1.180980
1.150000	-19815.415342	46.503906	50.898438	0.156905	1.062882
1.125000	-19857.754998	50.859375	49.531250	0.141215	1.062882
1.100000	-19889.054582	51.406250	50.527344	0.141215	1.062882
1.075000	-19947.661335	49.609375	49.570312	0.141215	1.062882
1.050000	-19999.873546	48.847656	50.156250	0.141215	1.062882
1.025000	-20031.173754	49.863281	47.343750	0.141215	1.062882
1.000000	-20052.384384	47.890625	48.671875	0.141215	1.062882
0.975000	-20102.415505	48.554688	48.046875	0.141215	1.062882
0.950000	-20139.973219	48.085938	45.898438	0.141215	1.062882
0.925000	-20158.885830	47.500000	51.425781	0.141215	0.956594
0.900000	-20221.745089	47.402344	51.386719	0.141215	0.956594
0.875000	-20268.117469	46.113281	49.023438	0.141215	0.956594
0.850000	-20301.339275	50.234375	49.335938	0.127093	0.956594
0.825000	-20327.897233	49.843750	48.515625	0.127093	0.956594
0.800000	-20378.635289	49.335938	46.445312	0.127093	0.956594
0.775000	-20425.720718	48.925781	45.898438	0.127093	0.956594
0.750000	-20485.489368	47.363281	50.878906	0.127093	0.860934
0.725000	-20514.496688	47.714844	50.371094	0.127093	0.860934
0.700000	-20573.322316	46.738281	49.589844	0.127093	0.860934
0.675000	-20632.704128	51.464844	47.851562	0.114384	0.860934
0.650000	-20671.007751	49.863281	48.046875	0.114384	0.860934
0.625000	-20708.367724	48.417969	46.191406	0.114384	0.860934
0.600000	-20749.440773	48.417969	51.367188	0.114384	0.774841
0.575000	-20795.535280	47.285156	50.351562	0.114384	0.774841
0.550000	-20839.586158	47.285156	48.828125	0.114384	0.774841
0.525000	-20874.753198	50.019531	47.675781	0.102946	0.774841
0.500000	-20911.484946	49.687500	46.855469	0.102946	0.774841
0.475000	-20950.053843	48.535156	50.859375	0.102946	0.697357
0.450000	-20989.902784	46.562500	49.062500	0.102946	0.697357
0.425000	-21029.484151	51.796875	46.679688	0.092651	0.697357
0.400000	-21068.213933	48.750000	51.542969	0.092651	0.627621
0.375000	-21111.647831	48.144531	50.703125	0.092651	0.627621
0.350000	-21152.178250	45.566406	48.027344	0.092651	0.627621
0.325000	-21190.035691	49.843750	46.250000	0.083386	0.627621
0.300000	-21236.220791	48.066406	48.808594	0.083386	0.564859
0.275000	-21276.994806	46.406250	47.480469	0.083386	0.564859
0.250000	-21314.500230	48.457031	48.808594	0.075047	0.508373
0.225000	-21355.456891	47.871094	47.636719	0.075047	0.508373
0.200000	-21393.195070	48.906250	48.593750	0.067543	0.457536
0.175000	-21432.746731	51.738281	51.582031	0.060788	0.411782
0.150000	-21472.018781	47.558594	49.316406	0.060788	0.411782
0.125000	-21510.845790	49.101562	48.261719	0.054709	0.370604
0.100000	-21549.213723	48.808594	47.324219	0.049239	0.333544
0.075000	-21586.867379	47.246094	46.328125	0.044315	0.300189
0.050000	-21625.980098	48.632812	50.722656	0.035895	0.218838
